l1=x.
x=0: 0.05 : 2
subplot(1, 4, 2)

l2 = 3/2*x.^2-1/2
x= 0: 0.05 : 2
subplot(1,1,1)

l3=5/2*x.^3-3/2*x.
x=0: 0.05 :2
subplot(1,3,3)

l4=35/8*x.^4-15/4*x.^2+3/8
x=0: 0.05: 1
subplot(1,2,4)
